62.90520226314393 33.202303991399795
10.545516940448348 45.921454810045866
27.282463102787528 6.983081921490101
56.283884508054065 41.994431348107014
44.68040089504493 52.518741091727215
1.115063351967945 35.911667688519735
2.652208694637951 40.06075068693641
34.42030565738004 11.88529381379655
33.35273993300134 38.45613902006056
59.73738779736217 20.45424846514543
28.873398089167505 21.561297990006192
20.56304207450921 12.942533238001518
48.141392314839386 4.614221716929808
4.442378147271746 47.241236727806275
30.076628102178542 53.46911922057951
62.90767979927057 6.2982921947631665
66.08973436502195 0.27224732018290937
25.94154153458645 27.59027661225146
36.32067806623013 19.304401453340365
24.871288835295584 9.381446795814519
32.10490364056538 37.63493990010067
42.55542085602127 61.41812272165368
46.74423926429736 23.093652575602245
62.40274140588272 3.162913074473354
58.613711824214825 39.972977312788075
27.04986620127112 51.67448498671728
36.06973259937226 9.796970746261609
9.395458959372416 62.8100595997858
21.173349401183984 29.64938909105878
6.943699893890994 27.903335432316528
8.781890359321517 25.633713337865377
64.18313014552966 31.146670765837275
59.37086945108129 65.81502595330335
22.95868478377251 4.880984313676436
27.629696301567346 57.03341254053964
9.6854162402413 46.34929602388042
7.735586636825409 13.63923393056165
39.19254376823009 60.7431770829514
7.571774395385034 39.43901250170878
6.58553256876846 50.20470668572208
23.767521674992807 42.65154456785347
34.50520155528863 27.8931657054828
24.788637663157633 54.66041238251946
15.6798966727037 27.18993505159472
29.35649491045882 21.90080583061926
21.090701570130058 48.958358888210626
55.00402638203317 21.995960685966185
0.14687957199032523 7.385587708640425
28.43949206305561 41.12440269032817
33.7805161361995 7.2485829321714474
6.054821834708704 43.623771089440716
24.357959995014735 28.627258108978307
37.93523757583255 3.0742727751811603
35.16736349318834 32.675201058031426
36.464592830745865 39.599288374762736
26.33816132157663 6.705262669008971
58.63145645192565 28.835296192991766
14.286532081237652 55.3424639274069
21.95744352181532 6.467267934111757
11.761830854368748 24.015252087273566
32.810982161844414 8.647874978040434
32.11905062097379 29.707573563043187
0.5398293727184219 5.242788159359857
66.5226251631738 6.151174501471246
32.6418676173898 1.6073994101480322
10.124052606789457 23.149164848942686
27.026375347886795 17.072862916207523
61.04409792709293 31.722101223823472
34.34294815241106 47.45266680715495
47.26916912601624 16.984720074757035
12.563133056854547 43.27323112682114
25.249076787111708 15.421860280584632
18.882375421391846 19.54721651325531
39.593700489105224 14.398499425619015
3.7740583086755652 2.123087434066321
33.53302269110143 18.182125886210333
39.12261655217221 38.79443140570826
58.59828065282334 51.54015100122309
55.08644868590353 12.899470707937096
31.89511351258106 47.982645160553716
61.78255084977621 28.867667058888724
55.49262411889146 27.549400767679757
0.2836981262963241 36.72733792125256
13.849390070199481 41.90307904531102
27.46499721034724 56.865197490495014
38.15117386018891 9.394245953596398
35.50633445116741 20.88366848900989
38.09906630854001 19.328202241343252
43.794115035035865 38.67446929580346
65.25520739787682 49.973905174286045
40.994873712268735 38.62720066176022
42.22247748938799 8.695197546397642
25.15720150258367 24.771612670373504
33.300698547706055 35.289838065658934
40.82512725935539 22.576810644357042
2.6803064093595155 24.309579090003865
20.97568744321785 52.29796321908668
18.563295091018208 23.252546310079484
33.91643488298427 23.255027998068666
63.336366850574954 61.70873356206507
